A,G,O,Athelete,M/F,Age,Bib,Swim_Time,Swim_Pace,Swim_A_G_O,Time,Cycle_time,Cycle_speed,Cycle_a_g_o,Time_2,Run_time,Run_pace,Run_a_g_o,Final
1,34,34,Michael Krueger,M,41,1137,1:03:56,01:39,35 / 206 / 241,02:41,4:54:27,22.82,1 / 21 / 21,01:48,3:24:27,07:48,3 / 49 / 52,9:27:19
2,38,38,Manuel Barreiro,M,40,77,56:12,01:27,4 / 40 / 44,02:26,4:58:30,22.51,7 / 50 / 50,02:44,3:29:01,07:58,5 / 60 / 65,9:28:53
3,55,57,Russell O' Malley,M,44,1648,58:15,01:30,8 / 80 / 88,04:49,5:12:42,21.49,31 / 184 / 192,03:44,3:22:49,07:44,2 / 42 / 44,9:42:19
4,61,63,Rob Chance,M,43,1323,55:29,01:26,3 / 31 / 35,03:35,5:12:27,21.51,28 / 176 / 183,03:08,3:29:50,08:00,6 / 66 / 71,9:44:29
5,68,71,John Trible,M,40,1244,1:06:13,01:42,57 / 315 / 372,05:12,5:06:01,21.96,20 / 112 / 113,04:05,3:27:48,07:55,4 / 57 / 62,9:49:19
6,74,78,Bruce Spencer,M,40,1067,58:44,01:31,13 / 102 / 113,03:06,5:04:12,22.09,17 / 99 / 99,02:59,3:42:14,08:28,22 / 121 / 134,9:51:15
7,81,85,Katsumi Shiji,M,44,1443,1:10:53,01:50,113 / 568 / 674,04:17,5:01:13,22.31,9 / 70 / 70,02:26,3:34:56,08:12,7 / 83 / 90,9:53:45
8,82,86,Jamie Maguire,M,44,1413,1:07:36,01:45,77 / 392 / 468,04:26,4:58:23,22.52,6 / 49 / 49,03:08,3:40:32,08:25,17 / 111 / 122,9:54:05
10,86,90,Chris Haas,M,40,888,1:04:17,01:39,39 / 225 / 263,04:54,4:56:23,22.67,3 / 37 / 37,07:27,3:41:12,08:26,20 / 115 / 127,9:54:13
9,85,89,ROBERT BOONE,M,40,1395,58:28,01:30,10 / 87 / 97,04:19,5:02:22,22.22,12 / 81 / 81,04:03,3:45:01,08:35,26 / 135 / 151,9:54:13
11,89,94,Rick Cote,M,41,1128,1:00:33,01:34,20 / 128 / 145,02:45,5:13:13,21.45,33 / 187 / 197,02:10,3:36:24,08:15,10 / 92 / 99,9:55:05
12,94,99,Marty Stiegmann,M,44,1355,1:04:02,01:39,36 / 210 / 246,04:09,5:04:56,22.04,18 / 105 / 105,04:00,3:39:10,08:21,14 / 105 / 116,9:56:17
13,98,104,Manfred Zaisberger,M,42,1271,1:06:56,01:43,65 / 347 / 409,04:03,5:02:08,22.24,11 / 79 / 79,03:46,3:40:31,08:25,16 / 110 / 121,9:57:24
14,99,105,Steve Patterson,M,43,1285,1:07:08,01:44,70 / 364 / 432,04:38,5:03:14,22.16,14 / 86 / 86,02:18,3:40:48,08:25,18 / 113 / 124,9:58:06
15,102,108,Michael Beuerle,M,44,1450,1:07:48,01:45,80 / 398 / 477,04:36,5:08:06,21.81,21 / 133 / 135,02:13,3:35:48,08:14,9 / 89 / 96,9:58:31
16,103,110,Thorsten Fritz,M,40,1239,1:07:52,01:45,82 / 403 / 483,03:59,5:03:08,22.17,13 / 85 / 85,03:00,3:40:53,08:25,19 / 114 / 125,9:58:52
17,108,115,Michael Tucker,M,40,1371,1:03:48,01:39,33 / 203 / 236,03:16,5:11:14,21.59,27 / 167 / 174,03:37,3:37:43,08:18,13 / 100 / 110,9:59:38
18,111,119,Bryan Mordecai,M,41,1214,1:08:26,01:46,87 / 436 / 521,03:29,5:25:31,20.64,60 / 333 / 356,06:05,3:17:15,07:31,1 / 30 / 31,10:00:46
19,119,127,Vincent Sabathier,M,40,1040,1:04:07,01:39,37 / 217 / 253,04:03,5:05:01,22.03,19 / 106 / 106,06:57,3:44:20,08:33,25 / 130 / 145,10:04:28
20,124,133,Ian Ray,M,42,1202,58:36,01:31,11 / 96 / 106,03:20,4:58:22,22.52,5 / 48 / 48,07:32,3:58:22,09:05,38 / 214 / 247,10:06:12
21,141,151,John Ackell,M,43,1203,53:44,01:23,1 / 14 / 17,04:11,5:08:25,21.79,23 / 138 / 140,04:14,4:00:27,09:10,42 / 229 / 265,10:11:01
22,148,160,Frank Hodges,M,43,1296,1:09:38,01:48,102 / 487 / 581,03:47,5:21:09,20.92,49 / 275 / 290,02:46,3:37:35,08:18,12 / 99 / 109,10:14:55
23,152,164,Jeff Watern,M,43,1377,1:06:33,01:43,59 / 330 / 389,04:25,5:00:12,22.39,8 / 61 / 61,07:54,3:56:48,09:02,34 / 202 / 233,10:15:52
24,154,166,Dieter Schmitt,M,44,1451,1:13:03,01:53,137 / 700 / 831,04:42,5:12:56,21.47,32 / 185 / 193,07:16,3:40:04,08:23,15 / 108 / 119,10:18:01
25,170,186,Bernardo Manrique,M,40,1069,1:00:17,01:33,18 / 122 / 137,03:59,5:18:42,21.09,42 / 247 / 260,02:15,3:57:56,09:04,37 / 211 / 243,10:23:09
26,173,189,JEFF PERRY,M,41,1186,1:11:28,01:51,118 / 602 / 714,05:47,5:02:01,22.25,10 / 77 / 77,04:46,3:59:55,09:09,39 / 225 / 259,10:23:57
27,176,192,Pascal Mylonas,M,44,1641,1:15:13,01:56,164 / 798 / 960,04:20,5:25:40,20.63,61 / 336 / 359,03:21,3:35:35,08:13,8 / 87 / 94,10:24:09
28,191,208,Randy Grimes,M,41,1224,58:50,01:31,15 / 104 / 115,04:56,5:10:55,21.61,26 / 163 / 170,02:57,4:11:00,09:34,60 / 320 / 379,10:28:38
29,192,209,Paul Wilson,M,40,799,1:00:48,01:34,21 / 139 / 158,03:33,5:21:01,20.93,48 / 273 / 288,03:16,4:00:02,09:09,40 / 226 / 260,10:28:40
30,196,213,SEAN TRUCHARD,M,43,1328,1:08:05,01:45,84 / 420 / 500,04:55,5:20:31,20.97,45 / 266 / 281,03:46,3:51:41,08:50,31 / 172 / 195,10:28:58
31,198,215,TOMASZ JANKOWSKI,M,43,1345,1:12:50,01:53,135 / 692 / 821,05:49,5:23:23,20.78,56 / 303 / 320,03:25,3:44:19,08:33,24 / 129 / 144,10:29:46
32,211,228,Mike Patry,M,42,1338,1:01:11,01:35,22 / 146 / 166,03:54,5:09:59,21.68,25 / 156 / 162,03:18,4:15:22,09:44,67 / 352 / 423,10:33:44
33,212,229,Shawn Burke,M,40,1061,54:21,01:24,2 / 23 / 26,03:26,5:22:34,20.83,53 / 291 / 307,03:39,4:10:07,09:32,59 / 312 / 370,10:34:07
34,217,234,Keith Owens,M,42,1383,1:05:41,01:42,48 / 263 / 313,03:38,5:12:36,21.5,29 / 179 / 186,03:31,4:11:08,09:35,63 / 324 / 383,10:36:34
35,219,236,Wallace Davis,M,44,1415,1:05:18,01:41,43 / 251 / 296,07:12,5:29:29,20.4,66 / 374 / 403,03:34,3:51:31,08:50,30 / 170 / 193,10:37:04
36,224,245,Patrick Schmith,M,44,1412,1:08:29,01:46,88 / 437 / 523,04:53,5:03:16,22.16,15 / 87 / 87,03:34,4:18:54,09:52,72 / 373 / 453,10:39:06
37,226,248,Georg Birkeneder,M,44,1555,1:04:18,01:39,40 / 226 / 264,03:21,4:57:17,22.6,4 / 43 / 43,06:56,4:29:18,10:16,104 / 484 / 600,10:41:10
38,232,254,John Pemberton,M,40,1077,1:06:07,01:42,55 / 307 / 363,04:45,5:20:45,20.95,46 / 270 / 285,06:51,4:03:48,09:18,47 / 256 / 300,10:42:16
39,233,255,John Hopkins,M,40,1314,1:10:05,01:48,103 / 500 / 597,05:01,5:16:43,21.22,37 / 223 / 234,04:50,4:05:42,09:22,53 / 277 / 323,10:42:21
40,241,264,Don Robbins,M,43,759,1:19:15,02:03,217 / 987 / 1213,04:21,5:32:08,20.23,71 / 406 / 441,04:20,3:43:25,08:31,23 / 124 / 138,10:43:29
41,249,273,Jay Zubick,M,40,1105,1:09:22,01:47,100 / 478 / 571,05:01,5:16:46,21.21,38 / 224 / 235,02:46,4:11:23,09:35,64 / 326 / 386,10:45:18
42,254,279,Michael Duray,M,41,1153,1:13:08,01:53,139 / 704 / 837,05:12,5:20:06,20.99,43 / 261 / 276,05:28,4:02:22,09:15,46 / 244 / 285,10:46:16
43,263,290,RONALD VANDERSLUIS,M,41,1196,57:33,01:29,7 / 68 / 74,05:23,5:04:04,22.1,16 / 98 / 98,09:29,4:32:28,10:23,116 / 520 / 646,10:48:57
44,267,294,RANDY MELKO,M,42,1220,1:06:58,01:44,67 / 349 / 411,04:33,5:29:46,20.38,67 / 377 / 407,04:19,4:03:50,09:18,48 / 258 / 302,10:49:26
45,289,324,CLAYTON GRIFFIN,M,40,1054,1:11:54,01:51,121 / 620 / 737,04:27,5:16:42,21.22,36 / 222 / 233,02:23,4:18:58,09:53,73 / 375 / 455,10:54:24
46,291,326,David Meyer,M,40,1329,57:24,01:29,5 / 63 / 68,04:58,5:20:49,20.95,47 / 271 / 286,03:31,4:28:11,10:14,97 / 470 / 583,10:54:53
48,308,348,John Good,M,42,1171,1:08:57,01:47,94 / 460 / 551,05:14,5:37:32,19.91,84 / 467 / 510,04:15,4:04:07,09:19,49 / 266 / 310,11:00:05
49,313,354,Herbie Reeves,M,40,1052,58:50,01:31,16 / 104 / 115,05:09,5:13:58,21.4,34 / 195 / 205,06:21,4:38:51,10:38,130 / 590 / 729,11:03:09
50,325,366,Graham Mcgee,M,44,2415,1:09:03,01:47,95 / 465 / 557,05:12,5:14:26,21.37,35 / 201 / 211,07:55,4:29:18,10:16,105 / 484 / 600,11:05:54
51,328,369,Geoffrey Cassell,M,42,1207,58:17,01:30,9 / 81 / 89,05:31,5:34:29,20.09,73 / 428 / 464,07:19,4:20:47,09:57,75 / 390 / 474,11:06:23
52,333,375,Kenneth Swanson,M,43,1282,1:06:11,01:42,56 / 312 / 369,05:29,5:23:15,20.79,54 / 301 / 317,05:00,4:28:06,10:13,96 / 468 / 581,11:08:01
53,358,406,Jonathan Schwartz,M,40,415,1:08:30,01:46,89 / 439 / 525,04:19,5:50:50,19.15,135 / 664 / 757,04:39,4:05:13,09:21,52 / 273 / 319,11:13:31
54,359,407,Jody Richardson,M,40,1092,1:09:07,01:47,97 / 469 / 561,06:44,5:39:38,19.79,91 / 508 / 555,07:11,4:11:03,09:34,61 / 322 / 381,11:13:43
55,366,418,Scott McClelland,M,44,1177,1:06:38,01:43,60 / 332 / 392,04:31,5:29:10,20.42,65 / 370 / 398,05:30,4:29:39,10:17,107 / 492 / 609,11:15:28
56,368,421,Kevin Park,M,41,917,1:12:13,01:52,127 / 643 / 767,03:43,5:18:41,21.09,41 / 246 / 259,06:46,4:34:26,10:28,119 / 541 / 670,11:15:49
57,371,424,Juan Canessa,M,41,1265,1:05:53,01:42,52 / 284 / 338,06:02,5:41:33,19.67,108 / 541 / 601,05:35,4:17:00,09:48,68 / 363 / 438,11:16:03
58,379,438,sean reilly,M,41,697,1:12:18,01:52,128 / 649 / 773,03:52,5:39:10,19.81,89 / 502 / 547,04:43,4:18:11,09:51,70 / 367 / 446,11:18:14
59,380,439,Aldo Borges,M,44,1403,1:07:11,01:44,71 / 368 / 436,05:04,5:34:40,20.08,75 / 430 / 466,03:04,4:28:18,10:14,98 / 471 / 584,11:18:17
60,382,441,James Ogden,M,43,1312,1:10:39,01:49,110 / 546 / 650,05:50,5:21:40,20.89,50 / 281 / 296,04:41,4:35:37,10:31,123 / 555 / 686,11:18:27
61,384,443,Scott Browning,M,44,1336,1:22:42,02:08,249 / 1126 / 1389,04:40,5:49:00,19.25,131 / 635 / 720,04:59,3:57:30,09:03,36 / 208 / 240,11:18:51
62,387,447,Nader Massoumi,M,42,1229,1:07:15,01:44,73 / 375 / 446,05:29,5:21:51,20.88,52 / 283 / 298,03:56,4:40:44,10:42,134 / 608 / 756,11:19:15
64,406,473,JEFF BLOCK,M,42,1258,1:06:48,01:43,64 / 338 / 399,06:16,5:40:07,19.76,98 / 521 / 573,05:18,4:25:27,10:07,89 / 437 / 540,11:23:56
65,417,486,FRANK VIGNONE,M,42,1213,1:29:17,02:18,287 / 1252 / 1589,05:27,5:39:18,19.81,90 / 505 / 552,03:58,4:08:10,09:28,57 / 299 / 353,11:26:10
66,423,493,Scott Davis,M,43,648,1:12:47,01:53,134 / 684 / 812,04:49,5:41:03,19.7,105 / 534 / 591,04:27,4:24:09,10:04,86 / 421 / 518,11:27:15
67,424,496,Migue Garcia Hernandez,M,40,1242,1:02:42,01:37,28 / 181 / 212,04:25,5:43:24,19.57,112 / 569 / 636,12:29,4:24:37,10:06,87 / 430 / 530,11:27:37
68,428,501,Mark Schaffer,M,40,1529,1:16:49,01:59,185 / 873 / 1057,08:11,5:45:52,19.43,121 / 598 / 672,07:57,4:09:08,09:30,58 / 304 / 360,11:27:57
69,429,503,FUMITAKA HATANAKA,M,41,1205,1:23:41,02:10,257 / 1157 / 1431,06:21,5:48:29,19.28,130 / 626 / 711,07:27,4:02:21,09:15,45 / 243 / 284,11:28:19
70,447,524,Ed Roshitsh,M,41,1139,1:16:26,01:58,179 / 851 / 1031,07:09,5:36:11,19.99,78 / 445 / 482,06:24,4:26:38,10:10,91 / 453 / 560,11:32:48
71,465,550,Gregory Cardelli,M,41,1169,1:30:34,02:20,291 / 1277 / 1620,10:34,5:58:44,18.73,166 / 774 / 898,07:48,3:49:48,08:46,28 / 162 / 183,11:37:28
72,466,551,Ronald Bailey jr,M,44,1436,1:21:18,02:06,239 / 1080 / 1332,06:04,5:33:59,20.12,72 / 424 / 460,05:12,4:31:01,10:20,110 / 501 / 621,11:37:34
73,467,552,Marc Couture,M,44,1560,1:06:15,01:42,58 / 317 / 374,08:02,5:20:28,20.97,44 / 265 / 280,11:28,4:51:23,11:07,165 / 701 / 879,11:37:36
74,478,567,Paul Schon,M,43,1318,1:18:09,02:01,200 / 931 / 1132,05:26,5:51:25,19.12,138 / 673 / 767,04:28,4:20:56,09:57,79 / 392 / 479,11:40:24
75,481,572,Michael Owens,M,40,561,1:05:39,01:41,47 / 262 / 311,08:25,5:52:20,19.07,144 / 691 / 789,06:49,4:27:29,10:12,95 / 460 / 572,11:40:42
77,488,582,Derek Atkins,M,41,1199,1:11:16,01:50,116 / 593 / 705,06:34,6:00:19,18.65,170 / 791 / 921,10:47,4:12:21,09:37,65 / 330 / 391,11:41:17
78,500,595,Gustavo Goren,M,40,1343,1:18:47,02:02,208 / 957 / 1171,08:54,6:00:41,18.63,172 / 796 / 926,09:15,4:05:05,09:21,51 / 272 / 318,11:42:42
79,505,600,Steve Keever,M,40,1099,1:12:32,01:52,130 / 661 / 786,05:55,5:40:56,19.71,104 / 533 / 590,05:50,4:38:02,10:36,128 / 581 / 717,11:43:15
80,508,603,John Dodd,M,40,1060,58:47,01:31,14 / 103 / 114,07:23,5:45:27,19.45,119 / 592 / 665,06:30,4:45:17,10:53,148 / 644 / 804,11:43:24
81,514,612,Houston Jones,M,43,1322,1:06:41,01:43,62 / 334 / 394,06:36,5:39:39,19.79,92 / 509 / 556,06:57,4:44:51,10:52,146 / 641 / 801,11:44:44
82,516,614,Donald Francisco,M,42,1208,1:19:10,02:02,215 / 984 / 1207,10:18,5:53:54,18.99,150 / 716 / 819,10:26,4:11:05,09:35,62 / 323 / 382,11:44:53
83,525,625,RICH HUJUS,M,43,1280,1:13:12,01:53,140 / 708 / 843,07:25,5:34:33,20.09,74 / 429 / 465,05:46,4:45:01,10:52,147 / 642 / 802,11:45:57
84,527,627,Mark Moffett,M,44,1372,1:16:12,01:58,178 / 842 / 1021,06:30,5:26:11,20.6,63 / 341 / 364,10:45,4:46:45,10:56,152 / 655 / 820,11:46:23
85,528,628,Keith Williams,M,43,1530,1:12:04,01:51,125 / 628 / 750,06:44,5:37:48,19.89,85 / 472 / 515,07:32,4:42:20,10:46,139 / 623 / 776,11:46:28
86,537,640,Steven Malcom,M,43,1360,1:13:32,01:54,144 / 720 / 857,05:20,5:17:16,21.18,39 / 229 / 241,04:57,5:06:59,11:43,197 / 846 / 1072,11:48:04
87,541,645,Curtis Leoni,M,40,1100,1:18:56,02:02,212 / 968 / 1186,06:52,5:36:16,19.98,79 / 448 / 486,04:08,4:42:17,10:46,138 / 621 / 774,11:48:29
88,550,654,Donald Olson,M,40,1263,1:13:59,01:54,148 / 738 / 878,08:17,5:29:01,20.42,64 / 369 / 397,06:32,4:51:50,11:08,167 / 706 / 886,11:49:39
89,552,656,Paul J. "Jeff" Ernst,M,41,1194,1:12:40,01:52,131 / 670 / 796,05:34,5:37:01,19.94,83 / 460 / 501,05:34,4:49:26,11:02,159 / 680 / 850,11:50:15
90,556,661,GEORGE WILSON,M,41,1419,1:05:45,01:42,50 / 270 / 321,07:04,6:11:23,18.09,206 / 933 / 1090,07:42,4:18:40,09:52,71 / 370 / 450,11:50:34
91,562,669,Darryl Lehtola,M,42,1237,1:14:56,01:56,159 / 779 / 934,06:07,5:40:23,19.74,101 / 525 / 579,04:27,4:46:01,10:55,150 / 649 / 809,11:51:54
92,584,697,James Wade,M,43,768,1:38:39,02:33,312 / 1368 / 1737,04:31,5:36:27,19.97,81 / 451 / 490,02:12,4:33:15,10:25,118 / 528 / 655,11:55:04
93,589,704,MIKE GARVIN,M,40,1145,1:10:27,01:49,108 / 531 / 632,08:11,5:57:38,18.79,162 / 759 / 880,11:25,4:28:41,10:15,100 / 474 / 588,11:56:22
94,593,710,Michael Halper,M,43,1334,1:13:13,01:53,141 / 709 / 844,07:38,5:49:02,19.25,132 / 636 / 721,05:00,4:42:28,10:46,140 / 625 / 779,11:57:21
95,595,712,GLEN MAGPIONG,M,44,1407,1:18:55,02:02,210 / 966 / 1183,06:25,5:56:19,18.86,159 / 746 / 860,04:32,4:31:24,10:21,112 / 510 / 632,11:57:35
96,598,716,Jon Durrance,M,41,1223,1:04:23,01:40,41 / 231 / 271,04:59,5:46:52,19.37,124 / 610 / 692,07:17,4:54:38,11:14,171 / 729 / 915,11:58:09
97,599,717,Michael Monahan,M,43,616,1:06:04,01:42,54 / 299 / 354,07:57,5:48:25,19.29,129 / 624 / 709,07:30,4:48:20,11:00,156 / 668 / 835,11:58:16
98,600,718,Kevin Patton,M,42,1232,1:17:16,02:00,193 / 891 / 1080,06:47,6:05:41,18.38,192 / 871 / 1014,05:08,4:23:25,10:03,82 / 412 / 504,11:58:17
99,606,725,David Wismer,M,40,685,1:10:47,01:49,111 / 557 / 661,07:40,6:04:45,18.42,187 / 851 / 992,06:42,4:29:22,10:16,106 / 488 / 604,11:59:16
100,608,728,George Arnold,M,41,1324,1:31:50,02:22,294 / 1287 / 1636,06:39,5:49:59,19.2,133 / 651 / 738,04:05,4:27:01,10:11,93 / 456 / 565,11:59:34
101,611,731,Klaus Wenk,M,44,1458,1:03:02,01:37,29 / 191 / 222,03:39,5:12:38,21.49,30 / 180 / 187,08:11,5:32:24,12:41,249 / 1040 / 1336,11:59:54
102,624,746,PETE SMITH,M,42,2408,1:34:24,02:26,302 / 1327 / 1684,07:07,5:47:26,19.34,126 / 616 / 698,10:11,4:23:35,10:03,84 / 414 / 507,12:02:43
103,625,747,Danny Moore,M,42,1288,1:12:04,01:51,124 / 628 / 750,06:02,5:41:17,19.69,106 / 537 / 595,05:52,4:57:41,11:21,179 / 760 / 960,12:02:56
104,632,754,Alan Laroche,M,40,1162,1:14:41,01:56,153 / 764 / 910,09:20,5:42:59,19.59,111 / 557 / 622,09:13,4:48:09,10:59,155 / 667 / 834,12:04:22
105,633,755,Ted Niemann,M,42,1241,1:12:01,01:51,123 / 625 / 745,06:14,6:05:08,18.4,189 / 858 / 1000,09:55,4:31:07,10:20,111 / 504 / 624,12:04:25
106,636,758,Robert Carney,M,43,1576,1:12:45,01:53,133 / 680 / 806,06:34,6:02:31,18.54,180 / 824 / 961,04:48,4:37:52,10:36,126 / 576 / 712,12:04:30
107,641,765,William Villari,M,40,1143,57:29,01:29,6 / 65 / 71,06:52,6:02:25,18.54,179 / 821 / 958,15:01,4:43:37,10:49,143 / 631 / 787,12:05:24
108,642,766,Dan Johnson,M,42,523,1:07:50,01:45,81 / 400 / 480,05:23,5:54:57,18.93,155 / 723 / 834,05:41,4:51:58,11:08,168 / 707 / 888,12:05:49
109,643,767,Chris Hawke,M,44,1399,1:08:03,01:45,83 / 415 / 495,04:59,5:52:38,19.06,146 / 698 / 796,02:56,4:57:27,11:21,178 / 756 / 954,12:06:03
110,645,769,Kevin Lontz,M,40,1144,1:18:09,02:01,199 / 931 / 1132,07:28,6:06:16,18.35,194 / 882 / 1026,05:20,4:29:16,10:16,103 / 482 / 597,12:06:29
111,648,772,Scott Pharr,M,43,1286,1:01:49,01:36,23 / 158 / 181,07:42,5:39:01,19.82,87 / 499 / 543,08:09,5:11:08,11:52,212 / 891 / 1129,12:07:49
112,649,773,Stephen Chapple,M,44,1565,1:20:25,02:04,228 / 1038 / 1278,09:05,5:50:51,19.15,136 / 665 / 758,10:04,4:37:44,10:36,125 / 573 / 709,12:08:09
113,650,775,MIKE SCHIERHOLTZ,M,43,1398,1:20:39,02:05,233 / 1045 / 1290,09:27,5:40:06,19.76,97 / 520 / 572,08:39,4:49:55,11:03,161 / 685 / 856,12:08:46
114,656,782,Keith Sasser,M,42,1233,1:13:27,01:54,143 / 715 / 852,05:29,5:51:16,19.13,137 / 671 / 765,04:20,4:55:20,11:16,172 / 736 / 923,12:09:52
115,658,784,Lars Dahl,M,44,1354,1:12:29,01:52,129 / 658 / 783,06:46,5:47:06,19.36,125 / 611 / 693,04:45,4:59:10,11:25,185 / 777 / 985,12:10:16
116,662,791,David Kelley,M,41,1082,1:40:05,02:35,318 / 1378 / 1760,05:45,5:29:47,20.38,68 / 379 / 409,05:33,4:50:04,11:04,162 / 686 / 857,12:11:14
117,665,794,John Lofton,M,41,1175,1:18:08,02:01,198 / 929 / 1130,10:13,5:58:50,18.73,167 / 776 / 900,10:01,4:34:44,10:29,120 / 543 / 672,12:11:56
118,671,802,Thomas Ramthun,M,40,971,1:06:59,01:44,68 / 352 / 415,05:04,5:36:36,19.96,82 / 454 / 494,04:51,5:19:24,12:11,228 / 945 / 1207,12:12:54
119,675,807,David Barstis,M,40,1083,1:18:37,02:02,206 / 951 / 1161,09:16,6:04:27,18.44,185 / 848 / 989,11:58,4:28:58,10:15,101 / 477 / 592,12:13:16
120,683,815,Richard Shea,M,42,1243,1:07:16,01:44,74 / 377 / 448,06:12,6:07:50,18.27,198 / 895 / 1041,05:37,4:47:33,10:58,154 / 663 / 830,12:14:28
121,684,816,Mark Klion,M,43,1277,1:05:43,01:42,49 / 267 / 317,04:25,4:55:30,22.74,2 / 29 / 29,03:05,6:06:10,13:58,293 / 1251 / 1608,12:14:53
122,685,817,Michael Fisch,M,40,1274,1:06:39,01:43,61 / 333 / 393,04:40,5:08:13,21.8,22 / 135 / 137,02:44,5:52:38,13:27,270 / 1169 / 1499,12:14:54
123,691,823,Bobby Nolan,M,43,1321,1:19:20,02:03,218 / 990 / 1218,08:52,5:58:14,18.76,164 / 767 / 890,08:36,4:40:34,10:42,133 / 603 / 751,12:15:36
124,693,825,Rick Zurbriggen,M,40,1381,1:15:59,01:58,176 / 837 / 1014,08:47,5:31:45,20.26,70 / 397 / 432,08:33,5:10:36,11:51,210 / 885 / 1121,12:15:40
125,695,827,Frank Mitchem,M,41,1190,58:41,01:31,12 / 99 / 109,04:23,5:52:10,19.08,142 / 687 / 785,06:49,5:13:48,11:58,220 / 908 / 1154,12:15:51
126,707,840,ALEXANDER KEITH,M,44,1299,1:13:34,01:54,145 / 722 / 859,09:36,5:58:35,18.74,165 / 771 / 895,08:36,4:47:05,10:57,153 / 658 / 825,12:17:26
127,708,843,Ted Schwind,M,42,1353,1:09:11,01:47,98 / 473 / 566,08:32,5:39:48,19.78,94 / 512 / 561,11:04,5:09:03,11:47,206 / 869 / 1102,12:17:38
128,711,846,Manfred Weininger,M,44,1637,1:17:02,01:59,189 / 881 / 1068,09:49,5:46:49,19.38,123 / 609 / 691,08:58,4:55:23,11:16,173 / 737 / 924,12:18:01
129,712,848,Karl Kiss,M,43,1290,1:06:57,01:44,66 / 348 / 410,06:22,5:53:35,19.01,148 / 709 / 812,07:12,5:04:19,11:36,193 / 824 / 1045,12:18:25
130,713,850,Julian Murphy,M,41,1174,1:14:45,01:56,155 / 768 / 917,05:30,6:02:10,18.55,178 / 819 / 956,06:12,4:50:04,11:04,163 / 686 / 857,12:18:41
131,719,861,ROBERT MARINICH,M,40,1055,1:14:33,01:55,152 / 756 / 902,06:18,6:05:31,18.38,191 / 868 / 1010,03:45,4:50:04,11:04,164 / 686 / 857,12:20:11
132,720,862,Jim Ritch,M,40,1104,1:17:42,02:00,196 / 912 / 1109,05:54,5:52:21,19.07,145 / 692 / 790,05:19,4:58:58,11:24,184 / 774 / 982,12:20:14
133,723,866,Timothy Mcgee,M,40,1131,1:13:36,01:54,146 / 724 / 861,07:11,5:42:53,19.6,110 / 556 / 621,08:05,5:08:56,11:47,205 / 867 / 1100,12:20:41
134,725,868,Brad Henderson,M,40,1129,1:27:37,02:16,279 / 1227 / 1556,07:52,6:01:57,18.57,176 / 814 / 950,08:04,4:35:24,10:30,122 / 551 / 681,12:20:54
135,736,882,John Walker,M,40,1416,1:08:34,01:46,90 / 442 / 528,10:42,6:00:30,18.64,171 / 794 / 924,13:15,4:49:38,11:03,160 / 684 / 855,12:22:39
136,738,884,Private,M,44,1385,1:45:37,02:44,326 / 1409 / 1819,11:20,5:51:26,19.12,139 / 674 / 768,07:39,4:26:44,10:10,92 / 454 / 561,12:22:46
137,739,885,Stephen Hansen,M,44,1642,1:01:55,01:36,26 / 164 / 188,04:18,5:17:50,21.14,40 / 235 / 247,04:58,5:54:01,13:30,273 / 1177 / 1512,12:23:02
138,742,888,Brad Armstrong,M,42,997,1:22:22,02:07,244 / 1111 / 1370,10:37,5:47:36,19.33,127 / 620 / 702,08:40,4:54:10,11:13,170 / 726 / 912,12:23:25
139,748,898,DANIEL VELTRI,M,42,1347,1:18:22,02:01,202 / 940 / 1146,08:46,6:16:55,17.83,217 / 1005 / 1176,08:42,4:32:01,10:22,114 / 514 / 637,12:24:46
140,753,904,Christopher Walsh,M,42,1292,1:19:51,02:04,222 / 1015 / 1245,08:48,6:22:19,17.58,237 / 1067 / 1257,06:58,4:27:22,10:12,94 / 459 / 571,12:25:18
141,774,933,William Blaes,M,42,1230,1:23:21,02:09,254 / 1148 / 1419,09:14,6:18:28,17.76,223 / 1025 / 1202,08:21,4:30:08,10:18,108 / 495 / 613,12:29:32
142,786,948,Nelson Gonzalez,M,41,1155,1:21:09,02:06,238 / 1074 / 1323,05:07,5:45:15,19.46,118 / 590 / 663,08:03,5:12:43,11:56,217 / 901 / 1144,12:32:17
143,788,951,Richard Kelly,M,41,1344,1:15:13,01:56,165 / 798 / 960,07:58,6:21:03,17.64,233 / 1057 / 1241,07:22,4:41:03,10:43,135 / 614 / 763,12:32:39
144,789,952,Gregory Pace,M,44,1610,1:11:36,01:51,119 / 608 / 722,09:02,5:55:36,18.9,157 / 734 / 847,08:25,5:08:02,11:45,200 / 858 / 1086,12:32:41
145,793,956,Ty Dickinson,M,40,1062,1:08:36,01:46,91 / 444 / 530,08:24,5:59:25,18.7,168 / 781 / 905,12:52,5:04:33,11:37,194 / 827 / 1048,12:33:50
146,794,957,Eric Simontis,M,41,1221,1:10:25,01:49,107 / 525 / 626,05:07,5:38:42,19.84,86 / 493 / 536,06:11,5:33:58,12:44,251 / 1050 / 1351,12:34:23
147,795,958,ERIC YEAKEL,M,41,1136,1:08:24,01:46,86 / 433 / 518,07:36,6:20:35,17.66,231 / 1052 / 1235,06:31,4:51:38,11:07,166 / 705 / 885,12:34:44
148,803,968,David Witte,M,44,1046,1:00:32,01:34,19 / 127 / 144,05:20,5:21:45,20.89,51 / 282 / 297,09:27,5:59:02,13:42,283 / 1204 / 1555,12:36:06
149,810,975,Dean Bettis,M,42,1317,1:27:33,02:16,277 / 1225 / 1552,10:32,6:27:01,17.36,246 / 1114 / 1328,06:46,4:24:42,10:06,88 / 431 / 532,12:36:34
150,814,979,Paul Wilson,M,40,578,1:15:34,01:57,172 / 821 / 994,06:56,5:54:05,18.98,152 / 720 / 825,07:49,5:13:00,11:56,218 / 903 / 1147,12:37:24
151,824,991,Chuck Harrison,M,42,1236,1:15:42,01:57,174 / 827 / 1000,09:37,6:02:00,18.56,177 / 815 / 951,10:47,5:01:10,11:29,189 / 802 / 1017,12:39:16
152,849,1025,Stan Spence,M,41,1240,1:16:39,01:59,183 / 866 / 1048,09:56,6:16:24,17.85,216 / 996 / 1167,06:00,4:54:05,11:13,169 / 725 / 911,12:43:04
153,856,1034,David Noyes,M,43,1303,1:19:41,02:03,220 / 1004 / 1233,04:13,5:42:10,19.64,109 / 547 / 607,02:58,5:35:12,12:47,253 / 1057 / 1360,12:44:14
154,859,1038,Clifford Massie,M,42,1316,1:18:58,02:02,213 / 969 / 1188,08:39,6:23:23,17.53,239 / 1079 / 1271,09:26,4:44:15,10:50,145 / 637 / 795,12:44:41
155,861,1041,Joe D' Amata,M,44,1428,1:33:45,02:25,301 / 1320 / 1676,10:12,6:18:28,17.76,224 / 1025 / 1202,04:53,4:37:58,10:36,127 / 579 / 715,12:45:16
156,864,1045,Daren Marceau,M,44,1357,1:18:49,02:02,209 / 959 / 1174,09:52,6:21:20,17.62,234 / 1060 / 1246,10:13,4:45:38,10:54,149 / 645 / 805,12:45:52
157,869,1054,Todd Graff,M,41,1150,1:02:36,01:37,27 / 178 / 209,09:22,5:44:27,19.51,114 / 581 / 651,15:10,5:36:12,12:49,254 / 1065 / 1369,12:47:47
158,875,1064,MIKE MAURIN,M,43,117,1:35:14,02:27,304 / 1337 / 1697,09:05,5:50:48,19.16,134 / 662 / 754,08:30,5:05:07,11:38,195 / 833 / 1055,12:48:44
159,880,1072,Dave Vanstone,M,42,1264,1:19:43,02:03,221 / 1006 / 1235,05:12,5:39:53,19.77,96 / 515 / 565,07:23,5:37:27,12:52,256 / 1080 / 1386,12:49:38
160,881,1073,Steve Ryan,M,43,1088,1:04:45,01:40,42 / 243 / 286,07:05,5:56:54,18.83,160 / 751 / 868,09:06,5:31:56,12:40,248 / 1037 / 1332,12:49:46
161,896,1091,Michael Iddings,M,40,1326,1:11:02,01:50,114 / 575 / 682,08:01,6:04:32,18.43,186 / 850 / 991,06:52,5:21:04,12:15,232 / 964 / 1230,12:51:31
162,903,1099,David Zaran,M,44,1444,1:17:54,02:01,197 / 920 / 1119,10:14,5:55:58,18.88,158 / 738 / 852,09:50,5:19:13,12:11,226 / 942 / 1203,12:53:09
163,905,1102,James Mahaffey,M,44,1582,1:05:59,01:42,53 / 290 / 344,04:53,6:54:39,16.21,296 / 1296 / 1624,08:14,4:40:00,10:41,132 / 597 / 744,12:53:45
164,908,1107,Jim Rozycki,M,44,1448,1:09:18,01:47,99 / 476 / 569,05:11,5:35:19,20.04,76 / 437 / 474,08:59,5:55:47,13:34,277 / 1187 / 1527,12:54:34
165,913,1113,LARRY DOWD,M,40,1424,1:22:33,02:08,247 / 1120 / 1381,07:49,6:08:57,18.21,201 / 909 / 1056,09:09,5:07:08,11:43,199 / 848 / 1074,12:55:36
166,914,1114,James Muir Jr.,M,40,1204,1:10:49,01:50,112 / 561 / 665,09:47,6:02:44,18.53,181 / 826 / 963,08:01,5:24:19,12:22,236 / 977 / 1253,12:55:40
167,925,1128,Dale Miller,M,41,1279,1:11:18,01:50,117 / 595 / 707,06:54,6:03:52,18.47,184 / 841 / 981,08:34,5:27:06,12:29,242 / 996 / 1278,12:57:44
169,936,1141,Thomas Wideman,M,41,1168,1:16:38,01:59,182 / 864 / 1046,04:41,5:59:30,18.69,169 / 785 / 910,04:15,5:33:59,12:44,252 / 1051 / 1352,12:59:03
168,935,1140,SLADE WARD,M,41,109,1:15:26,01:57,168 / 811 / 980,04:11,6:08:20,18.24,200 / 906 / 1053,11:38,5:19:28,12:11,229 / 946 / 1208,12:59:03
170,940,1145,Lee Miller,M,41,940,1:16:55,01:59,186 / 877 / 1063,07:21,6:28:07,17.31,247 / 1119 / 1335,06:20,5:00:39,11:28,188 / 798 / 1010,12:59:22
171,942,1148,Timothy Hanks,M,43,1331,1:03:53,01:39,34 / 204 / 238,05:56,6:01:22,18.6,173 / 806 / 939,09:46,5:39:26,12:57,258 / 1090 / 1399,13:00:23
172,944,1152,Rick Branchaud,M,44,1646,1:17:31,02:00,195 / 899 / 1093,06:40,6:06:30,18.34,195 / 883 / 1027,05:34,5:25:24,12:25,239 / 985 / 1263,13:01:39
173,951,1160,Gary Medlin,M,40,1417,1:17:12,01:59,191 / 887 / 1075,07:55,6:18:54,17.74,226 / 1033 / 1211,06:45,5:12:37,11:55,215 / 899 / 1141,13:03:23
174,955,1164,Donald Morse Jr.,M,40,1467,1:10:24,01:49,106 / 523 / 624,08:25,5:44:53,19.48,116 / 584 / 655,08:15,5:52:36,13:27,269 / 1168 / 1498,13:04:33
175,957,1167,Vince Adams,M,41,1141,1:19:52,02:04,223 / 1016 / 1246,08:14,6:34:42,17.03,260 / 1167 / 1411,04:35,4:57:55,11:22,181 / 761 / 962,13:05:18
176,958,1168,Raynard Packard,M,42,1309,1:27:20,02:15,276 / 1221 / 1545,05:12,6:22:44,17.56,238 / 1070 / 1261,09:50,5:00:17,11:27,187 / 794 / 1004,13:05:23
177,967,1179,ALAN DAVIS,M,40,810,1:25:00,02:12,265 / 1180 / 1468,05:14,6:11:58,18.07,207 / 940 / 1098,08:43,5:16:03,12:03,223 / 927 / 1180,13:06:58
178,969,1182,Mark Morgan,M,42,700,1:16:30,01:58,180 / 856 / 1037,14:55,6:56:41,16.13,301 / 1308 / 1643,10:08,4:29:02,10:16,102 / 479 / 594,13:07:16
179,975,1191,ANTHONY REGISTER,M,42,1218,1:19:57,02:04,224 / 1019 / 1250,08:28,5:51:54,19.1,140 / 682 / 777,04:37,5:43:54,13:07,263 / 1122 / 1438,13:08:50
180,982,1203,Michael Wiser,M,41,110,1:19:24,02:03,219 / 994 / 1222,04:34,5:39:06,19.82,88 / 501 / 546,04:23,6:03:09,13:51,288 / 1224 / 1580,13:10:36
181,1000,1223,Doug Mitchell,M,41,1401,1:22:25,02:08,245 / 1113 / 1372,04:28,6:15:04,17.92,212 / 975 / 1143,04:15,5:28:14,12:31,244 / 1010 / 1296,13:14:26
182,1002,1225,Bryan Vickery,M,43,1306,1:12:44,01:52,132 / 677 / 803,06:39,6:22:10,17.58,236 / 1065 / 1254,05:08,5:27:55,12:30,243 / 1007 / 1292,13:14:36
183,1007,1234,Ken White,M,44,1393,1:20:20,02:04,226 / 1035 / 1273,04:32,6:07:54,18.27,199 / 898 / 1044,06:24,5:37:20,12:52,255 / 1078 / 1384,13:16:30
184,1016,1248,Edward Magee,M,40,723,1:28:11,02:17,283 / 1238 / 1572,13:23,6:28:50,17.28,249 / 1129 / 1346,11:34,4:56:33,11:19,174 / 747 / 939,13:18:31
185,1023,1256,John Kennedy,M,40,1039,1:28:12,02:17,284 / 1239 / 1573,08:37,6:33:44,17.07,259 / 1161 / 1402,08:56,5:00:11,11:27,186 / 793 / 1003,13:19:40
186,1028,1263,Frank Rhinesmith,M,44,1482,1:03:18,01:38,31 / 199 / 230,06:24,6:10:13,18.15,204 / 920 / 1072,05:52,5:55:02,13:33,275 / 1180 / 1517,13:20:49
187,1029,1265,Kenn Dowd,M,43,1289,1:07:28,01:44,76 / 390 / 464,06:14,6:16:11,17.86,214 / 992 / 1162,05:53,5:45:25,13:11,266 / 1132 / 1449,13:21:11
188,1035,1274,Sean Mcmillan,M,40,1058,1:22:30,02:08,246 / 1117 / 1376,05:16,6:32:59,17.1,257 / 1158 / 1396,14:45,5:07:05,11:43,198 / 847 / 1073,13:22:35
189,1040,1279,Kent Cain,M,44,1454,1:45:49,02:44,328 / 1412 / 1822,08:39,5:53:07,19.03,147 / 704 / 804,11:35,5:23:49,12:21,234 / 972 / 1246,13:22:59
190,1046,1288,Armin Demuth,M,44,1446,1:23:19,02:09,253 / 1146 / 1416,11:39,6:12:35,18.04,208 / 946 / 1106,07:42,5:29:22,12:34,245 / 1019 / 1307,13:24:37
191,1055,1298,Bruce Geffen,M,44,1379,1:22:51,02:08,250 / 1132 / 1396,06:07,6:28:23,17.3,248 / 1123 / 1339,08:12,5:20:24,12:13,231 / 958 / 1224,13:25:57
192,1057,1300,TIM MILIAN,M,41,1156,1:12:11,01:52,126 / 640 / 764,09:11,6:12:56,18.02,209 / 951 / 1111,10:46,5:40:56,13:00,259 / 1099 / 1411,13:26:00
193,1058,1301,Robert Dauchot,M,42,1142,1:10:13,01:49,105 / 508 / 607,07:22,5:53:43,19,149 / 713 / 816,09:42,6:05:07,13:56,291 / 1243 / 1600,13:26:07
194,1059,1302,Martin Valbuena,M,42,1222,1:15:12,01:56,163 / 796 / 958,08:11,6:25:39,17.43,244 / 1104 / 1309,10:50,5:26:28,12:27,240 / 990 / 1270,13:26:20
195,1061,1304,Edward Nugent,M,40,1133,1:26:17,02:14,272 / 1202 / 1512,11:56,6:29:37,17.25,251 / 1136 / 1359,10:48,5:08:29,11:46,203 / 862 / 1093,13:27:07
196,1067,1312,MALCOLM BARTLETT,M,41,1261,1:30:48,02:21,293 / 1279 / 1626,06:36,6:35:44,16.98,263 / 1173 / 1424,05:18,5:10:32,11:51,209 / 884 / 1119,13:28:58
197,1072,1317,Robert Falk,M,42,1211,1:13:05,01:53,138 / 701 / 833,09:41,6:47:40,16.48,283 / 1257 / 1563,10:29,5:09:21,11:48,208 / 874 / 1108,13:30:16
198,1076,1323,Mike Conway,M,44,1462,1:11:48,01:51,120 / 614 / 729,07:27,6:06:15,18.35,193 / 881 / 1025,05:06,6:01:04,13:46,285 / 1218 / 1570,13:31:40
199,1077,1324,Matthew Mercure,M,40,1313,1:36:34,02:30,308 / 1352 / 1717,08:36,6:24:31,17.48,242 / 1089 / 1288,08:18,5:13:45,11:58,219 / 906 / 1152,13:31:44
200,1078,1325,Paul Szostak,M,44,1386,1:45:17,02:43,324 / 1407 / 1815,12:12,6:42:03,16.71,274 / 1219 / 1497,09:29,4:42:44,10:47,141 / 627 / 782,13:31:45
201,1096,1354,Todd Archibald,M,44,1352,1:16:46,01:59,184 / 869 / 1053,07:49,6:36:08,16.96,265 / 1178 / 1431,07:13,5:30:18,12:36,247 / 1027 / 1320,13:38:14
202,1099,1359,Jay Greely,M,42,1228,1:37:08,02:30,311 / 1359 / 1725,08:10,6:02:45,18.53,182 / 827 / 964,06:01,5:44:42,13:09,265 / 1128 / 1444,13:38:46
203,1118,1390,Private,M,41,1235,1:01:50,01:36,25 / 159 / 183,06:46,6:03:52,18.47,183 / 841 / 981,08:15,6:23:51,14:39,301 / 1314 / 1695,13:44:34
204,1131,1411,Stephen Mahoney,M,43,1539,1:19:09,02:02,214 / 982 / 1205,08:30,5:52:19,19.07,143 / 689 / 787,07:14,6:21:46,14:34,300 / 1307 / 1684,13:48:58
205,1136,1421,Dav Veylupek,M,41,1193,1:15:11,01:56,162 / 795 / 956,06:51,6:23:26,17.53,240 / 1081 / 1273,06:55,5:58:14,13:40,282 / 1200 / 1550,13:50:37
206,1138,1423,Tony Forte,M,42,1160,1:23:48,02:10,259 / 1162 / 1439,06:28,6:29:44,17.24,253 / 1138 / 1361,07:33,5:43:17,13:06,262 / 1118 / 1434,13:50:50
207,1147,1434,Dave Whiffen,M,44,1517,1:16:56,01:59,187 / 878 / 1064,11:08,6:17:53,17.78,221 / 1015 / 1190,14:57,5:52:11,13:26,268 / 1166 / 1494,13:53:05
208,1155,1444,SAMUEL CIOCCO,M,40,1068,1:20:49,02:05,235 / 1055 / 1301,11:07,6:29:05,17.27,250 / 1131 / 1350,11:20,5:42:33,13:04,260 / 1109 / 1423,13:54:54
209,1165,1461,George Sheppard,M,40,1332,1:18:17,02:01,201 / 937 / 1142,10:47,6:15:53,17.88,213 / 987 / 1157,06:40,6:05:25,13:56,292 / 1245 / 1602,13:57:02
210,1166,1463,Scott Henriksson,M,41,1161,1:20:55,02:05,236 / 1059 / 1306,09:13,6:17:09,17.82,219 / 1009 / 1181,15:28,5:54:33,13:31,274 / 1179 / 1516,13:57:18
211,1167,1464,Edward Bernal,M,44,1327,2:04:39,03:13,340 / 1446 / 1887,08:10,7:42:10,14.54,333 / 1423 / 1845,09:03,3:53:18,08:54,32 / 182 / 207,13:57:20
212,1173,1471,John WHEELER,M,44,1350,1:18:30,02:01,204 / 946 / 1155,10:36,6:38:49,16.85,270 / 1196 / 1463,07:24,5:44:16,13:08,264 / 1125 / 1441,13:59:35
213,1188,1492,James Miller,M,44,227,1:03:02,01:37,30 / 191 / 222,08:02,6:05:10,18.4,190 / 860 / 1002,10:22,6:38:34,15:12,320 / 1362 / 1766,14:05:10
214,1189,1493,Michael Machalek,M,40,1173,1:21:04,02:05,237 / 1068 / 1317,13:55,6:50:32,16.37,289 / 1279 / 1597,14:46,5:24:58,12:24,238 / 983 / 1260,14:05:15
215,1195,1499,Neil Bayliss,M,44,1567,1:15:39,01:57,173 / 825 / 998,09:18,6:07:38,18.28,197 / 893 / 1039,07:16,6:26:52,14:45,306 / 1326 / 1711,14:06:43
216,1199,1505,Michael Urquhart,M,42,1253,1:14:20,01:55,150 / 751 / 896,06:44,6:07:28,18.29,196 / 890 / 1036,05:51,6:35:44,15:06,316 / 1354 / 1757,14:10:07
217,1204,1510,Thomas Hill Iii,M,41,1180,1:27:54,02:16,281 / 1233 / 1565,13:11,7:11:00,15.59,312 / 1358 / 1731,08:59,5:10:41,11:51,211 / 887 / 1123,14:11:45
218,1209,1518,Bradly Loescher,M,41,1130,1:14:55,01:56,158 / 776 / 931,11:14,6:38:19,16.87,269 / 1193 / 1456,08:30,6:02:25,13:49,287 / 1223 / 1578,14:15:23
219,1212,1525,Darin Smith,M,44,1396,1:14:54,01:56,157 / 774 / 929,05:48,6:47:21,16.5,281 / 1254 / 1554,05:39,6:03:27,13:52,290 / 1227 / 1583,14:17:09
220,1225,1550,Robert Craig,M,40,1071,1:29:27,02:18,288 / 1255 / 1593,11:46,6:14:47,17.93,211 / 971 / 1138,15:40,6:11:28,14:10,296 / 1270 / 1635,14:23:08
221,1256,1599,Ken Zambito,M,40,1073,1:35:16,02:28,305 / 1338 / 1698,09:59,7:13:05,15.52,313 / 1361 / 1738,10:53,5:26:55,12:28,241 / 994 / 1276,14:36:08
222,1258,1601,Jerry Kochman,M,40,1032,1:26:14,02:13,271 / 1200 / 1510,09:33,6:48:01,16.47,285 / 1259 / 1567,09:22,6:03:21,13:52,289 / 1226 / 1582,14:36:31
223,1263,1610,RANDY BERNARD,M,41,1138,1:09:07,01:47,96 / 469 / 561,06:44,6:41:22,16.74,272 / 1214 / 1488,05:29,6:37:01,15:09,318 / 1357 / 1761,14:39:43
224,1269,1616,Craig Jenni,M,41,1157,1:21:38,02:06,241 / 1088 / 1343,10:12,7:26:14,15.06,319 / 1401 / 1801,09:24,5:33:52,12:44,250 / 1049 / 1350,14:41:20
225,1283,1634,Stephen Rose,M,43,1330,1:25:59,02:13,270 / 1192 / 1498,12:42,7:15:55,15.42,315 / 1375 / 1753,11:41,5:39:01,12:56,257 / 1088 / 1397,14:45:18
226,1286,1640,Don Geer,M,40,1127,1:43:34,02:40,321 / 1396 / 1797,11:03,5:44:33,19.5,115 / 582 / 652,16:50,6:51:41,15:42,331 / 1398 / 1820,14:47:41
227,1287,1641,Rick Ricalton,M,43,1300,1:15:27,01:57,169 / 813 / 983,09:55,6:18:43,17.74,225 / 1030 / 1207,13:17,6:50:24,15:39,330 / 1396 / 1817,14:47:46
228,1290,1646,Nick Nickerson,M,43,1297,1:07:07,01:44,69 / 363 / 430,07:28,6:47:24,16.49,282 / 1256 / 1556,10:26,6:37:25,15:10,319 / 1359 / 1763,14:49:50
229,1292,1649,Michael Boyd,M,44,1506,1:18:32,02:02,205 / 948 / 1158,10:39,6:19:49,17.69,229 / 1041 / 1222,12:52,6:48:41,15:35,328 / 1393 / 1811,14:50:33
230,1295,1654,James Keeling,M,44,1546,1:39:51,02:35,317 / 1375 / 1756,12:56,6:52:14,16.3,293 / 1289 / 1612,08:31,6:00:22,13:45,284 / 1216 / 1567,14:53:54
231,1302,1667,John Pruett,M,42,1247,1:35:01,02:27,303 / 1334 / 1692,10:05,6:20:57,17.64,232 / 1056 / 1240,08:53,6:44:10,15:25,325 / 1382 / 1798,14:59:06
232,1307,1676,Ted Anderson,M,43,1358,1:23:05,02:09,251 / 1137 / 1405,11:51,6:44:11,16.63,278 / 1233 / 1518,13:22,6:30:48,14:54,310 / 1334 / 1726,15:03:17
233,1309,1679,STEVE VIOLETTE,M,40,1064,1:16:37,01:59,181 / 863 / 1045,10:33,6:42:36,16.69,275 / 1225 / 1506,09:45,6:45:44,15:29,326 / 1387 / 1803,15:05:15
234,1315,1686,Joel Bautista,M,44,1319,1:29:02,02:18,285 / 1249 / 1585,07:29,6:56:00,16.15,298 / 1302 / 1635,09:03,6:24:13,14:39,303 / 1317 / 1699,15:05:47
235,1329,1705,Ben Espling,M,43,1295,1:24:21,02:11,262 / 1169 / 1453,09:59,7:08:01,15.7,309 / 1351 / 1720,08:53,6:19:28,14:29,298 / 1298 / 1674,15:10:42
236,1334,1713,Craig Meyers,M,44,1375,1:32:14,02:23,297 / 1296 / 1646,05:56,6:11:11,18.1,205 / 928 / 1085,07:34,7:15:30,16:37,340 / 1426 / 1866,15:12:25
237,1346,1732,Charles Maine,M,42,1270,1:23:17,02:09,252 / 1144 / 1414,05:03,6:58:05,16.07,303 / 1316 / 1652,08:37,6:50:17,15:39,329 / 1395 / 1816,15:25:19
238,1361,1750,Paul Kihm,M,44,1392,1:20:34,02:05,231 / 1042 / 1286,13:07,6:49:17,16.42,287 / 1272 / 1586,09:51,6:59:20,16:00,335 / 1407 / 1834,15:32:09
239,1372,1764,Private,M,40,1074,1:24:48,02:11,264 / 1177 / 1464,11:53,7:15:52,15.42,314 / 1373 / 1751,12:06,6:34:32,15:03,314 / 1347 / 1747,15:39:11
240,1386,1783,Todd Byers,M,43,1254,1:54:20,02:57,335 / 1437 / 1865,10:06,7:18:27,15.33,316 / 1385 / 1769,06:34,6:17:44,14:25,297 / 1291 / 1663,15:47:11
241,1393,1794,Russell Krause,M,42,1325,1:30:24,02:20,290 / 1273 / 1614,11:02,7:27:08,15.03,321 / 1405 / 1806,11:59,6:31:26,14:56,311 / 1338 / 1733,15:51:59
242,1399,1803,Matthew McGovern,M,42,1132,1:31:55,02:22,295 / 1290 / 1639,11:41,7:06:51,15.74,308 / 1348 / 1714,12:17,6:56:45,15:54,333 / 1402 / 1828,15:59:29
243,1408,1819,Robert Leatherwood,M,42,2411,1:32:11,02:23,296 / 1294 / 1644,09:41,7:36:42,14.71,331 / 1418 / 1833,08:59,6:41:13,15:18,322 / 1373 / 1783,16:08:46
244,1410,1822,Greg Bishop,M,40,1042,1:36:52,02:30,310 / 1356 / 1722,15:29,7:33:16,14.83,329 / 1413 / 1825,08:51,6:35:05,15:04,315 / 1351 / 1754,16:09:33
245,1413,1825,John Bobango,M,44,1361,1:45:45,02:44,327 / 1411 / 1821,14:46,7:29:30,14.95,326 / 1409 / 1815,10:21,6:31:39,14:56,312 / 1339 / 1734,16:12:01
246,1429,1853,Ilya Bilik,M,42,1206,1:43:49,02:41,322 / 1397 / 1800,15:03,8:08:20,13.76,339 / 1447 / 1887,06:04,6:20:38,14:31,299 / 1304 / 1680,16:33:54
247,1435,1865,Liam Douglass,M,44,1640,1:39:11,02:34,315 / 1372 / 1747,13:39,7:51:48,14.24,335 / 1438 / 1869,09:00,6:47:33,15:33,327 / 1391 / 1809,16:41:11
248,1436,1866,LARRY WALLISER,M,41,1256,1:32:48,02:24,298 / 1306 / 1657,07:53,7:56:30,14.1,337 / 1440 / 1874,04:12,7:00:34,16:03,336 / 1410 / 1837,16:41:57